1 0.48828125 0.7421875 0.16875 0.41796875
1 0.87421875 0.61875 0.153125 0.3265625
1 0.8359375 0.453125 0.10546875 0.21953125
1 0.7390625 0.47109375 0.1 0.25546875
1 0.6375 0.44609375 0.09765625 0.2609375
1 0.5796875 0.3484375 0.06015625 0.20859375
1 0.48828125 0.30859375 0.0609375 0.18359375
1 0.45234375 0.2609375 0.0421875 0.15859375
1 0.46953125 0.203125 0.0296875 0.1015625
1 0.38515625 0.19609375 0.0296875 0.13046875
1 0.2953125 0.3046875 0.0453125 0.19296875
1 0.2015625 0.32109375 0.04609375 0.2
1 0.3671875 0.165625 0.0265625 0.10703125
1 0.34375 0.13671875 0.02421875 0.0875
1 0.290625 0.13671875 0.02265625 0.090625
1 0.3296875 0.096875 0.01484375 0.065625
2 0.321875 0.0796875 0.03515625 0.0515625