1 0.5375 0.76484375 0.1796875 0.3734375
1 0.9671875 0.72421875 0.06484375 0.1765625
1 0.78828125 0.55703125 0.13125 0.3
1 0.871875 0.4796875 0.11484375 0.2734375
1 0.6828125 0.4234375 0.07109375 0.2390625
1 0.5859375 0.4046875 0.08046875 0.24296875
1 0.55234375 0.30078125 0.0453125 0.16796875
1 0.4609375 0.28203125 0.05078125 0.16953125
1 0.4375 0.23046875 0.03203125 0.125
1 0.31640625 0.3421875 0.0484375 0.2125
1 0.209375 0.346875 0.05 0.2125
1 0.371875 0.18359375 0.02890625 0.11953125
1 0.3546875 0.1578125 0.02578125 0.1015625
1 0.2875 0.12734375 0.02109375 0.08203125
1 0.325 0.09375 0.01640625 0.065625
1 0.2703125 0.0859375 0.0171875 0.0640625
1 0.2875 0.0765625 0.01484375 0.04453125