4 0.2765625 0.0796875 0.04609375 0.065625
4 0.3234375 0.078125 0.0359375 0.0515625
5 0.26015625 0.50546875 0.08125 0.321875
5 0.89921875 0.58125 0.159375 0.3125
5 0.8484375 0.46640625 0.14140625 0.25
5 0.690625 0.4625 0.10703125 0.25859375
5 0.590625 0.428125 0.07578125 0.246875
5 0.4671875 0.29609375 0.0515625 0.18359375
5 0.43515625 0.24921875 0.0390625 0.165625
5 0.365625 0.17734375 0.02734375 0.109375
5 0.3296875 0.19765625 0.03671875 0.1234375
5 0.2546875 0.19140625 0.02890625 0.125
5 0.1828125 0.21796875 0.03203125 0.1359375