4 0.3234375 0.07734375 0.03046875 0.0484375
5 0.40234375 0.71171875 0.1375 0.47890625
5 0.7421875 0.5265625 0.1234375 0.296875
5 0.8625 0.54765625 0.140625 0.27890625
5 0.8296875 0.434375 0.08984375 0.1859375
5 0.6453125 0.41171875 0.08125 0.240625
5 0.5421875 0.35078125 0.0640625 0.209375
5 0.4796875 0.30390625 0.04765625 0.18359375
5 0.5078125 0.246875 0.03984375 0.14296875
5 0.40703125 0.22265625 0.0328125 0.14296875
5 0.34921875 0.1484375 0.025 0.09453125
5 0.3015625 0.15546875 0.02421875 0.09453125
5 0.2734375 0.25859375 0.0390625 0.1609375
5 0.19140625 0.28125 0.040625 0.1765625
5 0.33828125 0.10546875 0.0171875 0.071875