2 0.5546875 0.39140625 0.11875 0.09921875
4 0.95703125 0.4546875 0.0859375 0.146875
2 0.071875 0.7578125 0.14375 0.228125
3 0.20625 0.27109375 0.1140625 0.16953125
2 0.146875 0.4859375 0.090625 0.146875
2 0.21171875 0.53828125 0.1125 0.15
4 0.265625 0.31953125 0.07421875 0.090625
2 0.43515625 0.21640625 0.04765625 0.059375
2 0.45078125 0.1578125 0.04140625 0.0453125
2 0.85234375 0.37734375 0.06328125 0.08203125
1 0.30234375 0.9421875 0.0875 0.11015625
1 0.24609375 0.88125 0.06015625 0.1359375
1 0.32734375 0.8359375 0.0828125 0.1296875
1 0.4109375 0.840625 0.05703125 0.1328125
1 0.20625 0.6921875 0.04453125 0.10703125
1 0.16953125 0.71171875 0.04453125 0.11328125
1 0.28046875 0.5421875 0.03671875 0.09609375
1 0.340625 0.47578125 0.03984375 0.09296875
1 0.3921875 0.4078125 0.03515625 0.09296875
1 0.47265625 0.21171875 0.015625 0.05078125
1 0.73828125 0.34296875 0.03828125 0.06484375
1 0.71484375 0.27109375 0.03046875 0.05078125
1 0.87109375 0.4421875 0.03828125 0.0703125
1 0.928125 0.615625 0.04609375 0.084375