2 0.278125 0.08046875 0.0484375 0.071875
2 0.3234375 0.08125 0.0359375 0.0515625
1 0.246875 0.484375 0.07734375 0.3109375
1 0.93046875 0.60234375 0.1390625 0.315625
1 0.84921875 0.47109375 0.1453125 0.25859375
1 0.7203125 0.484375 0.1171875 0.26796875
1 0.61328125 0.44921875 0.084375 0.25390625
1 0.4796875 0.309375 0.05234375 0.1890625
1 0.44296875 0.259375 0.040625 0.16640625
1 0.33515625 0.2046875 0.0375 0.1234375
1 0.3671875 0.18125 0.028125 0.115625
1 0.2546875 0.184375 0.02734375 0.11640625
1 0.184375 0.2109375 0.03125 0.13359375