1 0.4453125 0.79375 0.15078125 0.315625
2 0.3015625 0.09765625 0.05390625 0.09296875
1 0.9015625 0.7234375 0.17890625 0.45546875
1 0.25 0.13984375 0.01953125 0.0875
1 0.6078125 0.43671875 0.09296875 0.2515625
1 0.2015625 0.35703125 0.04453125 0.221875
1 0.390625 0.278125 0.04296875 0.1625
2 0.3265625 0.078125 0.03046875 0.05546875
1 0.196875 0.16875 0.02421875 0.109375
1 0.4921875 0.2609375 0.0421875 0.153125
1 0.53828125 0.35 0.0671875 0.21953125
1 0.78828125 0.51875 0.121875 0.2765625
1 0.8765625 0.47109375 0.09765625 0.26640625
1 0.39375 0.1046875 0.01796875 0.0375
1 0.375 0.1515625 0.021875 0.10546875
1 0.3953125 0.16015625 0.02578125 0.0765625