2 0.29140625 0.36484375 0.0421875 0.08671875
4 0.628125 0.46484375 0.1203125 0.22578125
1 0.2125 0.4921875 0.02734375 0.096875
1 0.865625 0.753125 0.06171875 0.178125
1 0.60703125 0.30625 0.01875 0.06484375
1 0.0671875 0.66953125 0.040625 0.1421875
1 0.1296875 0.60390625 0.02734375 0.1203125
1 0.184375 0.546875 0.0265625 0.096875
1 0.15 0.52890625 0.03046875 0.1015625
4 0.5296875 0.57421875 0.10703125 0.24375
1 0.746875 0.58515625 0.03203125 0.1375
1 0.846875 0.59140625 0.04609375 0.13046875
1 0.63828125 0.3453125 0.0203125 0.06484375
1 0.703125 0.43515625 0.0265625 0.10546875
1 0.753125 0.49140625 0.0328125 0.0984375