0 0.34609375 0.165625 0.0765625 0.09296875
4 0.315625 0.44453125 0.1171875 0.12734375
4 0.13515625 0.64140625 0.1171875 0.175
4 0.115625 0.53828125 0.1046875 0.13828125
4 0.078125 0.46328125 0.0796875 0.11875
7 0.228125 0.36328125 0.07109375 0.1046875
4 0.196875 0.34609375 0.07265625 0.11015625
7 0.21328125 0.25703125 0.078125 0.090625
4 0.38125 0.2203125 0.06015625 0.05625
4 0.37109375 0.28828125 0.06953125 0.0734375
4 0.85078125 0.38125 0.06640625 0.0734375
6 0.95390625 0.44609375 0.0921875 0.1359375
5 0.45078125 0.3359375 0.02578125 0.0734375
5 0.5 0.55625 0.05390625 0.1015625
5 0.778125 0.53515625 0.05390625 0.09296875
5 0.5609375 0.27109375 0.0171875 0.0625
5 0.5421875 0.27109375 0.0171875 0.05625
5 0.4734375 0.28359375 0.0171875 0.06484375
5 0.40390625 0.2953125 0.02734375 0.06484375
5 0.28828125 0.28828125 0.03359375 0.05625
5 0.2671875 0.384375 0.03359375 0.05625