2 0.71484375 0.54765625 0.1125 0.10703125
4 0.4984375 0.4265625 0.1046875 0.146875
4 0.8546875 0.52578125 0.109375 0.1296875
4 0.94765625 0.72734375 0.1046875 0.1328125
3 0.35078125 0.3359375 0.1171875 0.06796875
2 0.39609375 0.4078125 0.05546875 0.05390625
2 0.23203125 0.43671875 0.04453125 0.06484375
1 0.54453125 0.60703125 0.05390625 0.084375
1 0.5421875 0.6921875 0.05234375 0.090625
1 0.4390625 0.7640625 0.04609375 0.11015625
1 0.44296875 0.50703125 0.03828125 0.059375
1 0.48828125 0.50703125 0.03984375 0.059375
1 0.546875 0.50390625 0.04296875 0.0703125
1 0.38125 0.8984375 0.05390625 0.1296875
1 0.35859375 0.5859375 0.04765625 0.0765625
1 0.3296875 0.528125 0.04296875 0.0734375
1 0.15390625 0.5625 0.03515625 0.0734375
1 0.2578125 0.5453125 0.03984375 0.06796875
1 0.34140625 0.48046875 0.03203125 0.05625
1 0.86015625 0.74296875 0.05390625 0.1015625
1 0.746875 0.62421875 0.0875 0.10703125
1 0.5984375 0.675 0.05703125 0.090625
1 0.671875 0.69609375 0.05859375 0.0875
1 0.0890625 0.59921875 0.03828125 0.084375
1 0.040625 0.60703125 0.03046875 0.06796875
0 0.20078125 0.809375 0.05546875 0.11015625
1 0.05390625 0.778125 0.04765625 0.09921875
1 0.5890625 0.95625 0.0953125 0.0875
1 0.25625 0.94296875 0.0625 0.1140625
1 0.078125 0.915625 0.06015625 0.10703125
1 0.13515625 0.83046875 0.05390625 0.06796875
2 0.5078125 0.3390625 0.03203125 0.0453125
1 0.26484375 0.48984375 0.03203125 0.05390625
1 0.28828125 0.41796875 0.0171875 0.0453125
1 0.35859375 0.44921875 0.02578125 0.05625