5 0.8765625 0.6140625 0.16796875 0.33359375
5 0.3234375 0.6015625 0.1078125 0.40859375
5 0.7453125 0.478125 0.1234375 0.2765625
5 0.1859375 0.25078125 0.03515625 0.15703125
5 0.834375 0.4296875 0.0984375 0.1765625
5 0.26328125 0.22734375 0.034375 0.1484375
5 0.4296875 0.25234375 0.03984375 0.159375
5 0.4078125 0.21328125 0.03359375 0.140625
5 0.35625 0.16171875 0.025 0.1015625
5 0.3109375 0.171875 0.03046875 0.10859375
3 0.2109375 0.12734375 0.02421875 0.084375
4 0.2671875 0.071875 0.0421875 0.0625
4 0.32421875 0.07734375 0.0328125 0.0484375
5 0.34609375 0.10625 0.0171875 0.0765625
5 0.3078125 0.1109375 0.01953125 0.071875
5 0.5984375 0.396875 0.08046875 0.23359375
5 0.5203125 0.353125 0.0578125 0.2125
5 0.5453125 0.28515625 0.0390625 0.165625
5 0.965625 0.64140625 0.06640625 0.24140625