1 0.515625 0.75546875 0.17265625 0.39140625
1 0.8234375 0.58203125 0.140625 0.30546875
1 0.8640625 0.48046875 0.13203125 0.271875
1 0.7046875 0.44375 0.08359375 0.24296875
1 0.60625 0.4234375 0.0890625 0.25
1 0.5609375 0.31640625 0.04921875 0.175
1 0.47109375 0.2921875 0.05625 0.1765625
1 0.4421875 0.24140625 0.0390625 0.1359375
1 0.3765625 0.19140625 0.03515625 0.128125
1 0.30625 0.32578125 0.05 0.20390625
1 0.2046875 0.334375 0.04765625 0.20703125
1 0.28828125 0.1328125 0.0234375 0.0875
1 0.3421875 0.134375 0.0234375 0.0859375
1 0.328125 0.096875 0.0171875 0.065625
1 0.271875 0.08984375 0.01953125 0.059375
1 0.28828125 0.078125 0.0140625 0.0515625
2 0.321875 0.0796875 0.03671875 0.05390625