5 0.3796875 0.75546875 0.13828125 0.39140625
5 0.8421875 0.546875 0.1328125 0.2875
5 0.19609375 0.3328125 0.0515625 0.209375
5 0.56015625 0.37109375 0.0625 0.228125
5 0.24921875 0.13671875 0.0203125 0.0875
4 0.3046875 0.1078125 0.05703125 0.090625
5 0.4046875 0.296875 0.04609375 0.16796875
5 0.50234375 0.278125 0.040625 0.1515625
5 0.640625 0.465625 0.09609375 0.2765625
5 0.940625 0.77109375 0.11796875 0.3609375
5 0.41015625 0.17109375 0.0234375 0.08046875
5 0.384375 0.159375 0.02265625 0.10859375
5 0.2015625 0.16171875 0.02421875 0.10390625
3 0.21015625 0.11640625 0.0203125 0.078125