1 0.4578125 0.7328125 0.16015625 0.4375
1 0.9234375 0.659375 0.153125 0.340625
1 0.8671875 0.4609375 0.109375 0.2390625
1 0.778125 0.50078125 0.1171875 0.265625
1 0.6703125 0.47265625 0.103125 0.27890625
1 0.5984375 0.36953125 0.0625 0.21953125
1 0.50703125 0.321875 0.0625 0.19453125
1 0.46015625 0.2765625 0.0421875 0.16953125
1 0.48125 0.2234375 0.0296875 0.128125
1 0.39375 0.2078125 0.03046875 0.13203125
1 0.3734375 0.175 0.0265625 0.11640625
1 0.346875 0.140625 0.02265625 0.090625
1 0.36875 0.1296875 0.02421875 0.0734375
1 0.3328125 0.09765625 0.01640625 0.06796875
1 0.29375 0.14375 0.02265625 0.0875
1 0.2828125 0.096875 0.01796875 0.065625
1 0.2953125 0.08359375 0.0140625 0.053125
1 0.28515625 0.2859375 0.04375 0.18046875
1 0.196875 0.3046875 0.04453125 0.190625
2 0.321875 0.0796875 0.03359375 0.05390625