1 0.3765625 0.70234375 0.13359375 0.4984375
1 0.2703125 0.25 0.0328125 0.15546875
1 0.415625 0.2359375 0.03515625 0.15
1 0.490625 0.31875 0.04921875 0.19609375
1 0.56015625 0.36171875 0.0671875 0.2125
1 0.51875 0.25546875 0.03828125 0.15
1 0.66953125 0.43046875 0.090625 0.2609375
1 0.78125 0.5546875 0.13125 0.31796875
1 0.90625 0.57578125 0.1375 0.3125
1 0.1875 0.26953125 0.03671875 0.16953125
1 0.390625 0.196875 0.03046875 0.1265625
1 0.39140625 0.1421875 0.0234375 0.0765625
1 0.3515625 0.15234375 0.02421875 0.09609375
1 0.3046875 0.16171875 0.02578125 0.0984375
1 0.340625 0.1046875 0.01640625 0.0734375
1 0.2953125 0.103125 0.0203125 0.065625
2 0.3234375 0.07734375 0.02890625 0.0515625
0 0.21015625 0.13046875 0.025 0.0859375