2 0.29375 0.090625 0.05234375 0.07890625
1 0.771875 0.58515625 0.13515625 0.3234375
1 0.9171875 0.60625 0.159375 0.315625
1 0.8609375 0.4640625 0.11796875 0.24140625
1 0.70234375 0.453125 0.103125 0.24453125
1 0.55546875 0.384375 0.075 0.2265625
1 0.4984375 0.3125 0.0546875 0.19453125
1 0.465625 0.23203125 0.04140625 0.13359375
1 0.3671875 0.25 0.04375 0.146875
1 0.384375 0.1984375 0.028125 0.1109375
1 0.36875 0.1546875 0.02890625 0.090625
1 0.3609375 0.128125 0.02265625 0.071875
1 0.38515625 0.11171875 0.0171875 0.059375
1 0.2515625 0.15625 0.02265625 0.1015625
1 0.19140625 0.18125 0.0265625 0.115625
1 0.2078125 0.39140625 0.06640625 0.246875
2 0.325 0.0796875 0.0296875 0.0515625