1 0.459375 0.83359375 0.04296875 0.12421875
2 0.4859375 0.459375 0.06640625 0.0765625
2 0.88125 0.63671875 0.1078125 0.14375
2 0.96875 0.6 0.05859375 0.0875
2 0.1515625 0.5140625 0.05234375 0.090625
3 0.41875 0.33046875 0.13046875 0.06796875
3 0.23828125 0.37421875 0.04765625 0.09296875
4 0.66015625 0.50859375 0.13984375 0.18046875
1 0.37734375 0.75390625 0.03359375 0.10703125
1 0.29296875 0.89140625 0.06171875 0.115625
1 0.46171875 0.71171875 0.04453125 0.11328125
1 0.515625 0.70625 0.05703125 0.10703125
1 0.34609375 0.9671875 0.06015625 0.06484375
1 0.5859375 0.67109375 0.05703125 0.08203125
1 0.68203125 0.68515625 0.05546875 0.0875
1 0.73828125 0.62734375 0.04765625 0.0734375
1 0.7859375 0.72578125 0.05390625 0.09609375
1 0.77265625 0.67265625 0.04765625 0.0734375
1 0.82734375 0.72578125 0.04765625 0.090625
1 0.87734375 0.675 0.04609375 0.0625
1 0.890625 0.7171875 0.04453125 0.084375
1 0.9609375 0.73984375 0.03984375 0.090625
1 0.6734375 0.5859375 0.04296875 0.0765625
1 0.4578125 0.55234375 0.03984375 0.0765625
1 0.528125 0.5625 0.03984375 0.0734375
1 0.484375 0.50859375 0.03203125 0.06796875
1 0.4421875 0.496875 0.03046875 0.0625
1 0.38125 0.50859375 0.03515625 0.06796875
1 0.22734375 0.54921875 0.03828125 0.0703125
1 0.15625 0.5890625 0.03984375 0.06484375
1 0.13515625 0.67265625 0.03828125 0.084375
1 0.08671875 0.6890625 0.03984375 0.07890625
1 0.2390625 0.45625 0.0140625 0.05390625
1 0.25859375 0.44609375 0.01875 0.05078125
1 0.2796875 0.428125 0.01875 0.04765625
1 0.35 0.45625 0.0203125 0.059375
1 0.30234375 0.38984375 0.0109375 0.05078125
1 0.3359375 0.40078125 0.0140625 0.0453125
1 0.40859375 0.45625 0.0203125 0.059375
0 0.43515625 0.3640625 0.015625 0.03359375
1 0.41953125 0.44609375 0.0203125 0.05625
1 0.5890625 0.60703125 0.05390625 0.06796875
1 0.5890625 0.55546875 0.04140625 0.0765625
4 0.8546875 0.528125 0.109375 0.1296875