2 0.296875 0.3515625 0.04140625 0.08828125
4 0.55 0.65 0.14140625 0.34609375
4 0.6515625 0.515625 0.12578125 0.2375
1 0.925 0.8453125 0.06875 0.2046875
1 0.103125 0.58984375 0.0328125 0.13046875
1 0.225 0.45859375 0.02578125 0.09140625
1 0.1546875 0.55234375 0.02578125 0.1046875
1 0.7828125 0.665625 0.04296875 0.1640625
1 0.88515625 0.65625 0.059375 0.16796875
1 0.790625 0.55 0.03671875 0.1203125
1 0.7328125 0.48984375 0.03046875 0.1015625
1 0.6203125 0.315625 0.01875 0.06640625
1 0.6578125 0.3765625 0.02265625 0.078125