4 0.290625 0.0890625 0.05234375 0.075
4 0.325 0.0796875 0.03046875 0.05390625
5 0.1890625 0.1875 0.028125 0.11953125
5 0.2515625 0.16015625 0.02421875 0.10390625
5 0.3609375 0.240625 0.04296875 0.14453125
5 0.3828125 0.20078125 0.02109375 0.1234375
5 0.359375 0.14609375 0.02890625 0.075
5 0.38046875 0.11171875 0.01875 0.05390625
5 0.3546875 0.11875 0.01953125 0.065625
5 0.4578125 0.221875 0.03984375 0.1265625
5 0.4828125 0.29765625 0.04609375 0.190625
5 0.5375 0.36875 0.07109375 0.21796875
5 0.6765625 0.4296875 0.09140625 0.2265625
5 0.7328125 0.553125 0.12265625 0.30546875
5 0.87109375 0.5765625 0.1484375 0.30546875
5 0.83203125 0.453125 0.1046875 0.21953125
5 0.21328125 0.40703125 0.0671875 0.25546875