5 0.43125 0.721875 0.1453125 0.459375
5 0.278125 0.2796875 0.040625 0.1734375
5 0.7015625 0.49296875 0.11015625 0.28359375
5 0.1953125 0.290625 0.0390625 0.18046875
5 0.9421875 0.73125 0.1140625 0.440625
5 0.809375 0.52734375 0.134375 0.2765625
5 0.61875 0.390625 0.06796875 0.23203125
5 0.5234375 0.334375 0.06015625 0.2015625
5 0.46953125 0.28984375 0.04375 0.1734375
5 0.49453125 0.2296875 0.0359375 0.134375
5 0.396875 0.21484375 0.03515625 0.1375
5 0.3796875 0.18359375 0.02421875 0.11953125
5 0.346875 0.14609375 0.02421875 0.096875
5 0.37421875 0.1265625 0.021875 0.0609375
5 0.296875 0.1484375 0.02421875 0.09140625
3 0.2109375 0.1328125 0.02734375 0.084375
5 0.2859375 0.10078125 0.01953125 0.06796875
5 0.29921875 0.08671875 0.0109375 0.05390625
5 0.33515625 0.10078125 0.015625 0.06796875
4 0.325 0.08046875 0.03515625 0.053125