1 0.296875 0.5734375 0.10234375 0.36640625
1 0.184375 0.23984375 0.0328125 0.14609375
1 0.259375 0.21171875 0.034375 0.1375
1 0.6265625 0.415625 0.08828125 0.24296875
1 0.54140625 0.3734375 0.0625 0.221875
1 0.44375 0.2671875 0.04296875 0.165625
1 0.4171875 0.2234375 0.034375 0.1390625
1 0.3171875 0.18046875 0.0328125 0.10546875
1 0.3578125 0.1671875 0.02578125 0.10390625
1 0.3515625 0.109375 0.02265625 0.0765625
1 0.315625 0.1171875 0.02421875 0.0734375
2 0.2703125 0.0734375 0.0453125 0.0640625
2 0.3234375 0.08046875 0.0375 0.053125
2 0.3015625 0.06484375 0.02265625 0.04296875
1 0.55703125 0.28984375 0.0484375 0.1484375
1 0.78828125 0.5140625 0.134375 0.28359375
1 0.8796875 0.46796875 0.09140625 0.2609375
1 0.92421875 0.6546875 0.15 0.3484375