2 0.509375 0.434375 0.06953125 0.12578125
2 0.540625 0.28125 0.05546875 0.08984375
1 0.853125 0.4734375 0.0484375 0.11484375
1 0.6984375 0.396875 0.0328125 0.1046875
1 0.76328125 0.46015625 0.034375 0.11171875
1 0.746875 0.41484375 0.03046875 0.1015625
1 0.66796875 0.334375 0.021875 0.0796875
1 0.65546875 0.31796875 0.021875 0.06796875
1 0.8921875 0.7125 0.0453125 0.14375
3 0.0734375 0.75546875 0.14609375 0.48828125
2 0.278125 0.696875 0.125 0.2546875
4 0.3546875 0.31953125 0.07734375 0.2828125
4 0.27421875 0.37890625 0.0703125 0.175
4 0.21328125 0.3984375 0.0578125 0.15625