5 0.346875 0.62265625 0.11328125 0.4015625
5 0.421875 0.24765625 0.04140625 0.1484375
5 0.71015625 0.4609375 0.10625 0.26953125
5 0.2640625 0.23359375 0.03046875 0.14453125
5 0.8328125 0.590625 0.15546875 0.33046875
5 0.95625 0.6015625 0.084375 0.296875
5 0.84921875 0.45703125 0.140625 0.225
5 0.5796875 0.38046875 0.07421875 0.221875
5 0.50625 0.33984375 0.053125 0.20390625
5 0.5328125 0.27109375 0.04140625 0.15859375
5 0.1875 0.259375 0.0359375 0.1640625
5 0.4 0.20625 0.0328125 0.1375
5 0.3546875 0.15703125 0.02578125 0.103125
5 0.309375 0.16875 0.028125 0.10703125
5 0.30234375 0.10859375 0.0203125 0.06953125
5 0.31328125 0.09296875 0.0140625 0.05859375
5 0.34375 0.10625 0.01796875 0.0765625
4 0.26640625 0.06796875 0.0390625 0.0609375