2 0.2875 0.0890625 0.04921875 0.071875
2 0.325 0.078125 0.03515625 0.046875
1 0.1859375 0.19609375 0.02890625 0.125
1 0.2515625 0.16953125 0.02421875 0.10859375
1 0.3515625 0.2265625 0.04140625 0.14140625
1 0.3515625 0.1390625 0.03046875 0.078125
1 0.3765625 0.19296875 0.02578125 0.121875
1 0.371875 0.11171875 0.02109375 0.0625
1 0.4515625 0.209375 0.03515625 0.11953125
1 0.46875 0.284375 0.04453125 0.18359375
1 0.515625 0.346875 0.06171875 0.20859375
1 0.22109375 0.4328125 0.0703125 0.2765625
1 0.6453125 0.39375 0.07578125 0.1984375
1 0.6875 0.51640625 0.10546875 0.29140625
1 0.815625 0.54375 0.13984375 0.29296875
1 0.8828125 0.48046875 0.08984375 0.275