2 0.76796875 0.1265625 0.12578125 0.11328125
1 0.5375 0.13671875 0.04765625 0.08203125
2 0.1296875 0.015625 0.1140625 0.02890625
1 0.5375 0.15625 0.04140625 0.05546875
1 0.2265625 0.17890625 0.0609375 0.0859375
1 0.66328125 0.17890625 0.04296875 0.06796875
1 0.07109375 0.23046875 0.0609375 0.0671875
1 0.596875 0.29375 0.04765625 0.071875
1 0.51796875 0.03046875 0.0328125 0.05703125
2 0.83671875 0.3234375 0.20625 0.203125
2 0.053125 0.4234375 0.10234375 0.22421875
1 0.13046875 0.509375 0.09921875 0.1140625
3 0.33515625 0.5265625 0.47578125 0.68359375
1 0.71015625 0.84375 0.11875 0.1203125
1 0.28984375 0.0953125 0.04296875 0.0546875
2 0.37578125 0.11328125 0.165625 0.15859375