5 0.87109375 0.46796875 0.06640625 0.05234375
5 0.23125 0.5296875 0.1078125 0.0796875
5 0.71640625 0.55546875 0.0890625 0.06328125
5 0.496875 0.56015625 0.1109375 0.0609375
5 0.98671875 0.58359375 0.0234375 0.07109375
5 0.1546875 0.60078125 0.1484375 0.08203125
5 0.7671875 0.6140625 0.0859375 0.07109375
5 0.51171875 0.659375 0.1171875 0.07421875
5 0.52578125 0.70703125 0.1390625 0.11015625
5 0.1140625 0.81328125 0.228125 0.12890625
5 0.865625 0.825 0.12890625 0.10546875
5 0.72421875 0.95 0.15234375 0.096875