1 0.60234375 0.41796875 0.034375 0.04453125
2 0.96796875 0.4625 0.0625 0.05546875
1 0.3390625 0.46328125 0.04921875 0.0609375
1 0.36171875 0.51484375 0.0609375 0.05546875
1 0.41328125 0.5390625 0.0625 0.07578125
1 0.71484375 0.54140625 0.04296875 0.06171875
1 0.1125 0.54921875 0.090625 0.0546875
1 0.58359375 0.55 0.0546875 0.05234375
1 0.809375 0.57578125 0.04296875 0.06328125
1 0.26796875 0.6015625 0.0828125 0.06484375
1 0.44609375 0.61875 0.07109375 0.0890625
1 0.61171875 0.72109375 0.06953125 0.078125
1 0.09140625 0.73984375 0.15703125 0.14296875
2 0.8671875 0.7421875 0.2296875 0.26015625
1 0.3546875 0.76484375 0.11875 0.125
1 0.46328125 0.77578125 0.10546875 0.1078125
1 0.51171875 0.86953125 0.12578125 0.13515625